4095
4095
4095
4095
4095
4095
4095
4095
4095
4095
4095
4095
4095
4095
4095
4095
4095
4095
4095
4095
4095
4095
4095
4095
4095
4095
4095
4095
4095
4095
4095
4095
4095
4095
4095
4095
4095
4095
4095
4095
4095
4095
4095
4095
4095
4095
4095
4095
4095
4095
4095
4095
4095
4095
4095
4095
4095
4095
4095
4095
4095
4095
4095
4095
3358
2861
2319
2159
1999
1953
1943
1927
1652
1535
1423
1345
1321
1298
1305
1301
1299
1302
1299
1306
1302
1301
1294
1295
1286
1295
1292
1285
1290
1312
1322
1345
1376
1396
1457
1409
1408
1408
1408
1413
1408
1408
1472
1596
1793
2064
2287
2466
2637
2794
3153
3333
3486
3601
3734
3879
4095
4095
4095
4095
4095
4095
4095
4095
4095
4095
4081
3915
3759
3619
3473
